1691.88    187.006    0.02    0    440    151    greyBox.jpg
168.406    -7.92969    0.02    0    64    65    greyBox.jpg
1304.83    25.7309    0.02    0    335    141    greyBox.jpg
1304.83    25.7309    0.02    0    335    141    greyBox.jpg
1304.83    25.7309    0.02    0    335    141    greyBox.jpg
813.914    60.225    0.02    0    212    70    greyBox.jpg
574.775    58.3556    0.02    0    124    72    greyBox.jpg
-67.0874    -0.885992    0.02    0    408    77    greyBox.jpg
-438.169    22.634    0.02    0    335    124    greyBox.jpg
592.794    267.765    0.02    0    317    230    greyBox.jpg
387.743    58.2388    0.02    0    169    71    greyBox.jpg
-9.58728    53.9262    0.02    0    81    36    greyBox.jpg
83.2127    87.1262    0.02    0    107    105    greyBox.jpg
746.85    -83.716    0.02    0    1294    89    greyBox.jpg
746.85    -83.716    0.02    0    1294    89    greyBox.jpg
1447.24    231.261    0.02    0    50    270    greyBox.jpg
1338.21    277.806    0.02    0    50    241    greyBox.jpg